2013,28.6,49,1.6
2015,36,46,1.6
2014,68.5,45,1.6
2007,162,21.5,1.8
2012,101,36.5,1.8
1998,231,9,1.6
2011,38,36,1.8
2011,120,30,1.8
2015,16.2,55,1.6
2014,50,42,1.6
2008,130,28,1.6
2012,63,35,1.8
2006,121,21,1.8
2008,112,30,1.8
2007,250,18,1.8
2015,0.65,64,2
2006,175,20.5,1.8
2008,120.5,27,1.8
2012,60,33,1.6
2008,130,24,1.8
2007,133,21,1.8
2016,0,63,1.6
2012,102,36,1.8
1998,232,6,1.6
2012,58,38,1.8
2015,14,50,1.6
2007,145,17.5,1.8
2013,34,38.5,1.8
2010,242,18.5,1.8
2014,63,47,2
2015,7,53,1.6
2004,171,13.5,1.8
2002,162,15,1.3
2012,45,40,1.8
2006,59,18,1.8
2015,29,47,1.6
2008,115,27,1.8
2012,170,36,1.8
2007,135,25,1.8
2007,73,21,1.8
2015,22.5,48,1.6
2005,230,20,1.8
2008,147,28,1.8
2009,179,25,1.6
2010,60,32,1.8
1999,280,5.5,1.6
2015,22.5,48,1.6
2001,229,10,1.8
2013,75,31,1.8
2015,22,52,1.6
2011,78,27,1.6
2009,88,27,1.8
2013,67,38,1.8
2010,109,26.5,1.8
2006,104,27,1.8
2012,78,35,1.8
2008,140,25,1.6
2010,113,31,1.6
2005,100,16,1.8
2005,159,22,1.8
2009,88,33,1.8
2012,57,33,1.8
2010,31,38.5,1.8

