2013,40,45
2014,50,45
2014,13,44
2015,12,60
2015,15,52
2015,19,48
2012,7.5,43
2015,12,52
2012,28,48
2015,14.5,58
2014,23,50
2015,19.5,54
2015,23,49
2015,1.7,54
2015,8,45
2015,26,38
2015,8,44.5
2014,54,27.5
2014,36,49
2016,0,56
2016,1,56
2012,35,41.5
2013,25,47
2012,47,39
2015,11,52
2013,15,48
2012,25.5,40
2015,17,52
2015,6,50
2013,32,45
2015,7.2,50
2013,69,35
2014,25,46
2015,15,52
2013,68,38
2012,56,40
2015,15,48
2013,40,40
2012,6,48
2014,24,46
2014,24,47
2015,16,50
2012,43,36
2013,33,40.5
2015,21,51
2015,21,52
2014,17,46
2012,5,46
2012,30,43
2014,20,53
2013,42,45
